    unsorted:	 385.5314224 385.5314224 385.5314224 385.5314224 385.5314224 385.5314224 399.9484826 398.2238807 401.9034270 396.7024865 404.1145826 395.3601210 406.5937449 409.0548343 410.0967493 412.8730343 394.0216666 416.4563053 420.5103810 388.7485369 425.0433002 429.9793264 432.7782042 435.9551833 382.5424321 441.9797819 448.5457167 454.8991797 452.5257139 456.6513309 464.3673515 473.5310715 482.9483656 361.1719123 493.5182495 501.6875002 506.7962787 510.9137511 520.2708157 351.3548555 541.8502779 538.0869348 547.5314423 555.5323415 559.5380732 332.6105272 329.1082065 579.1453063 578.0591173 573.1068070 583.8115389 321.9476694 606.8873944 301.0713680 248.7013052 688.1574936 730.6930368 178.2101213 772.6869798 795.8442504 894.1158910 0.05996557764 15.63916541 988.9459511 1081.042512 1167.281932 1255.749163 1597.297461 1666.274636 1718.665060 1902.188273 2252.793305 2303.780192 2636.858771 2912.107815 3011.033155 3459.264069 3743.341294 3966.396258 4737.860706 4853.725579 5974.386949 8172.387581 9872.521728 11181.76105 11731.91120 12475.44249 16570.92264 17808.06368 19647.30926 28595.87642 37504.90426 82808.93263 99036.22014 310422.2115 424850.7975 787427.7206 21606103.64
      sorted:	 0.05996557764 15.63916541 178.2101213 248.7013052 301.0713680 321.9476694 329.1082065 332.6105272 351.3548555 361.1719123 382.5424321 385.5314224 385.5314224 385.5314224 385.5314224 385.5314224 385.5314224 388.7485369 394.0216666 395.3601210 396.7024865 398.2238807 399.9484826 401.9034270 404.1145826 406.5937449 409.0548343 410.0967493 412.8730343 416.4563053 420.5103810 425.0433002 429.9793264 432.7782042 435.9551833 441.9797819 448.5457167 452.5257139 454.8991797 456.6513309 464.3673515 473.5310715 482.9483656 493.5182495 501.6875002 506.7962787 510.9137511 520.2708157 538.0869348 541.8502779 547.5314423 555.5323415 559.5380732 573.1068070 578.0591173 579.1453063 583.8115389 606.8873944 688.1574936 730.6930368 772.6869798 795.8442504 894.1158910 988.9459511 1081.042512 1167.281932 1255.749163 1597.297461 1666.274636 1718.665060 1902.188273 2252.793305 2303.780192 2636.858771 2912.107815 3011.033155 3459.264069 3743.341294 3966.396258 4737.860706 4853.725579 5974.386949 8172.387581 9872.521728 11181.76105 11731.91120 12475.44249 16570.92264 17808.06368 19647.30926 28595.87642 37504.90426 82808.93263 99036.22014 310422.2115 424850.7975 787427.7206 21606103.64
