    unsorted:	 385.5314224 385.5314224 385.5314224 385.5314224 385.5314224 385.5314224 422.7020091 423.1438935 425.0328431 419.0338653 418.6923456 427.7292134 415.3680165 415.2851198 432.6975805 438.0238867 439.3274640 441.7419303 444.1124771 447.9225668 450.9926403 457.4465938 463.8680074 465.1990924 471.9295223 479.3905241 476.7191952 486.8845697 494.0837758 496.5010083 500.9864063 503.7859023 509.9960644 400.2124535 516.8963145 522.5230544 525.1397994 529.6082049 534.4670819 535.6807831 539.2546738 542.9901446 546.0549819 549.0385413 550.7956447 385.3937240 372.7990613 364.8536200 572.3185293 329.6733821 309.6917138 303.1184060 288.0065668 280.0872396 277.3695381 265.8301316 620.4286991 217.0936372 216.2883511 194.1434982 710.3522592 157.2400314 130.0515773 778.9735441 27.41472530 39.41574741 11.38283094 69.02716137 903.9445614 1075.581590 1304.401568 1484.306694 1831.710163 1904.355437 2488.187072 2810.187144 3304.333203 3641.915331 4084.873787 5069.122445 5810.240040 7288.414137 9280.205166 12524.80585 17801.95508 21028.86581 40760.17729 56458.11460 60796.90127 149195.2223 388719.8310 1566653.411
      sorted:	 11.38283094 27.41472530 39.41574741 69.02716137 130.0515773 157.2400314 194.1434982 216.2883511 217.0936372 265.8301316 277.3695381 280.0872396 288.0065668 303.1184060 309.6917138 329.6733821 364.8536200 372.7990613 385.3937240 385.5314224 385.5314224 385.5314224 385.5314224 385.5314224 385.5314224 400.2124535 415.2851198 415.3680165 418.6923456 419.0338653 422.7020091 423.1438935 425.0328431 427.7292134 432.6975805 438.0238867 439.3274640 441.7419303 444.1124771 447.9225668 450.9926403 457.4465938 463.8680074 465.1990924 471.9295223 476.7191952 479.3905241 486.8845697 494.0837758 496.5010083 500.9864063 503.7859023 509.9960644 516.8963145 522.5230544 525.1397994 529.6082049 534.4670819 535.6807831 539.2546738 542.9901446 546.0549819 549.0385413 550.7956447 572.3185293 620.4286991 710.3522592 778.9735441 903.9445614 1075.581590 1304.401568 1484.306694 1831.710163 1904.355437 2488.187072 2810.187144 3304.333203 3641.915331 4084.873787 5069.122445 5810.240040 7288.414137 9280.205166 12524.80585 17801.95508 21028.86581 40760.17729 56458.11460 60796.90127 149195.2223 388719.8310 1566653.411
