    unsorted:	 385.5314224 385.5314224 385.5314224 385.5314224 385.5314224 385.5314224 13.62084429 37.84219001 -59.28812676 182.3326992 114.8534981 260.6917943 338.6749476 457.6376611 586.0918282 657.6843246 -283.2138799 805.2428138 904.7617518 956.8016839 1014.131279 -595.4412898 -936.4029547 -864.2743672 -1018.935892 -1130.905111 -1301.866475 -1557.527207 -1748.800359 -1798.818449 -1897.193747 -2118.785753 -2220.923454 -2428.294662 -2549.045835 1698.384133 -2922.392278 1933.494091 -4596.863622 -4600.592372 -4621.379934 -4567.585325 -4498.384076 -4444.302938 -4385.475847 -4363.950390 -4191.277841 -4804.015121 -3885.043182 -3281.277612 -5144.347103 -5250.158970 -5542.657067 -5536.315285 -5513.911298 -5464.347189 -5418.448623 2441.258444 2643.939646 3065.387218 3174.750617 3432.116480 3809.454334 3833.570222 4603.639295 4859.164180 5181.152167 5647.245645 7229.485641 7420.025251 -10207.08140 9486.212269 12405.05758 14592.52047 17898.13384 20050.50529 21700.47014 24587.61548 24759.04515 25998.81625 28117.68373 28836.10870 29393.90810 31639.26682 -32762.39079 -35994.61198 -42895.19802 -72618.34813 -89126.38381 171542.9870 -662673.6376 770098.5574
      sorted:	 -662673.6376 -89126.38381 -72618.34813 -42895.19802 -35994.61198 -32762.39079 -10207.08140 -5542.657067 -5536.315285 -5513.911298 -5464.347189 -5418.448623 -5250.158970 -5144.347103 -4804.015121 -4621.379934 -4600.592372 -4596.863622 -4567.585325 -4498.384076 -4444.302938 -4385.475847 -4363.950390 -4191.277841 -3885.043182 -3281.277612 -2922.392278 -2549.045835 -2428.294662 -2220.923454 -2118.785753 -1897.193747 -1798.818449 -1748.800359 -1557.527207 -1301.866475 -1130.905111 -1018.935892 -936.4029547 -864.2743672 -595.4412898 -283.2138799 -59.28812676 13.62084429 37.84219001 114.8534981 182.3326992 260.6917943 338.6749476 385.5314224 385.5314224 385.5314224 385.5314224 385.5314224 385.5314224 457.6376611 586.0918282 657.6843246 805.2428138 904.7617518 956.8016839 1014.131279 1698.384133 1933.494091 2441.258444 2643.939646 3065.387218 3174.750617 3432.116480 3809.454334 3833.570222 4603.639295 4859.164180 5181.152167 5647.245645 7229.485641 7420.025251 9486.212269 12405.05758 14592.52047 17898.13384 20050.50529 21700.47014 24587.61548 24759.04515 25998.81625 28117.68373 28836.10870 29393.90810 31639.26682 171542.9870 770098.5574
