    unsorted:	 385.5314224 385.5314224 385.5314224 385.5314224 385.5314224 385.5314224 424.5020633 424.6037920 420.1721637 420.8631048 418.3113378 416.3016290 429.2817119 434.5312643 430.9246446 440.2640606 411.1811001 444.1311147 446.5188208 453.1481400 408.7929004 459.7112613 462.4219664 468.3068016 476.0193654 478.4034461 483.1006682 484.2555423 490.1254112 492.6373259 403.6371267 501.0649864 508.8648621 510.4260940 515.2305900 516.7972157 519.7672446 525.5224866 532.6592153 390.5372622 539.5777023 542.3648533 548.5455318 550.9302016 555.6038180 558.3108822 561.9646375 564.7434519 567.0439897 377.3534127 580.9008010 357.4529007 605.1242409 337.0818664 330.0455514 287.9676957 673.6415576 695.4981570 248.5519815 226.1756954 730.8382288 188.7554726 168.5548409 790.2995363 139.2420946 0.08248953132 0.09707822011 0.006214626868 0.01972971682 0.1567926021 80.12246928 885.6294615 967.4869472 1068.519774 1175.736303 1256.580472 1399.335336 1650.551682 1894.187623 1995.446735 2389.869476 2710.365599 3296.235503 3485.230017 3961.637765 4220.466459 4441.832117 4831.732517 5331.332406 6178.326068 7421.253508 8851.590958 10966.36438 12068.72991 17807.71431 17680.54317 20301.31800 21184.48455 23728.29265 43285.36597 44855.51429 351158.8745 1207801.802 5313308.795
      sorted:	 0.006214626868 0.01972971682 0.08248953132 0.09707822011 0.1567926021 80.12246928 139.2420946 168.5548409 188.7554726 226.1756954 248.5519815 287.9676957 330.0455514 337.0818664 357.4529007 377.3534127 385.5314224 385.5314224 385.5314224 385.5314224 385.5314224 385.5314224 390.5372622 403.6371267 408.7929004 411.1811001 416.3016290 418.3113378 420.1721637 420.8631048 424.5020633 424.6037920 429.2817119 430.9246446 434.5312643 440.2640606 444.1311147 446.5188208 453.1481400 459.7112613 462.4219664 468.3068016 476.0193654 478.4034461 483.1006682 484.2555423 490.1254112 492.6373259 501.0649864 508.8648621 510.4260940 515.2305900 516.7972157 519.7672446 525.5224866 532.6592153 539.5777023 542.3648533 548.5455318 550.9302016 555.6038180 558.3108822 561.9646375 564.7434519 567.0439897 580.9008010 605.1242409 673.6415576 695.4981570 730.8382288 790.2995363 885.6294615 967.4869472 1068.519774 1175.736303 1256.580472 1399.335336 1650.551682 1894.187623 1995.446735 2389.869476 2710.365599 3296.235503 3485.230017 3961.637765 4220.466459 4441.832117 4831.732517 5331.332406 6178.326068 7421.253508 8851.590958 10966.36438 12068.72991 17680.54317 17807.71431 20301.31800 21184.48455 23728.29265 43285.36597 44855.51429 351158.8745 1207801.802 5313308.795
