    unsorted:	 385.5314224 385.5314224 385.5314224 385.5314224 385.5314224 385.5314224 423.4468042 423.0192434 420.8300791 421.3387641 419.6072081 419.1247764 426.2582417 428.0237299 415.4616895 433.0588727 410.6087460 438.5211011 444.1264331 446.3447776 451.6222737 450.6975786 457.7993238 463.6775416 466.6458538 473.0607934 402.0759866 479.9704592 480.5465200 488.0439019 489.0071334 495.7898477 385.8200791 501.9413845 505.7675956 512.3475126 519.3770291 525.4055887 527.6361063 532.8385202 538.6495340 540.3186233 544.4886508 550.9448825 548.3047573 553.7066400 555.1951543 375.8162360 367.8125917 561.3866543 339.1676080 331.2995376 328.7832516 320.8394193 303.7042083 302.3300101 296.4406845 286.8492054 281.9413188 618.6549595 249.1595078 242.1654544 215.6417602 679.9061760 0.07617897705 0.07719154686 0.08368093290 0.05250193796 0.02115290373 1.066685311 148.6210107 10.20950862 772.4258651 882.2154236 1076.822733 1264.078728 1310.581950 1498.126442 1622.171711 1767.486635 2193.327662 2311.132737 2526.950342 2779.556169 3183.279517 3573.508749 3720.109428 4423.049209 5483.995853 6786.134178 8890.343531 11960.84021 14850.28292 16611.79722 17805.43613 20411.70952 22532.12301 28120.23989 32754.39078 135041.3126 148333.5829 350839.2015 1102086.202 1475261.373
      sorted:	 0.02115290373 0.05250193796 0.07617897705 0.07719154686 0.08368093290 1.066685311 10.20950862 148.6210107 215.6417602 242.1654544 249.1595078 281.9413188 286.8492054 296.4406845 302.3300101 303.7042083 320.8394193 328.7832516 331.2995376 339.1676080 367.8125917 375.8162360 385.5314224 385.5314224 385.5314224 385.5314224 385.5314224 385.5314224 385.8200791 402.0759866 410.6087460 415.4616895 419.1247764 419.6072081 420.8300791 421.3387641 423.0192434 423.4468042 426.2582417 428.0237299 433.0588727 438.5211011 444.1264331 446.3447776 450.6975786 451.6222737 457.7993238 463.6775416 466.6458538 473.0607934 479.9704592 480.5465200 488.0439019 489.0071334 495.7898477 501.9413845 505.7675956 512.3475126 519.3770291 525.4055887 527.6361063 532.8385202 538.6495340 540.3186233 544.4886508 548.3047573 550.9448825 553.7066400 555.1951543 561.3866543 618.6549595 679.9061760 772.4258651 882.2154236 1076.822733 1264.078728 1310.581950 1498.126442 1622.171711 1767.486635 2193.327662 2311.132737 2526.950342 2779.556169 3183.279517 3573.508749 3720.109428 4423.049209 5483.995853 6786.134178 8890.343531 11960.84021 14850.28292 16611.79722 17805.43613 20411.70952 22532.12301 28120.23989 32754.39078 135041.3126 148333.5829 350839.2015 1102086.202 1475261.373
