    unsorted:	 6.405449905e-08 9.847052027e-09 5.699674265e-06 2.963716900e-07 0.0001246162172 0.0001246162172 0.004822168608 0.005149576981 0.004554922475 0.005764091278 0.006802632580 0.09478539556 0.09405373910 0.07933669647 -0.1712691070 385.5318992 385.5318064 385.5317464 385.5321111 385.5314135 385.5311594 21.34566254 146.3857577 462.2700650 -328.1943560 2420.654821 6032.884036 9144.196627 10663.61375 -94993522.03 306746148.7 -1819433183. -2139633283. 2668127030. 3464495598. 4991201051. 6526555113. 7989712267. 8601435055. 9398277159. 1.145292214e+10 1.192572662e+10 1.361981222e+10 -4276417843. -5925665601. 1.525645325e+10 1.619791362e+10 -6959411790. -7593137317. 1.944772214e+10 -1.032810325e+10 -1.173896123e+10 2.573928658e+10 -1.590894726e+10 3.006751324e+10 3.656344815e+10 4.026201556e+10 -3.127576491e+10 5.196756853e+10 5.299500227e+10 8.623720474e+10 -9.139795546e+10 1.836206687e+11 -2.125375893e+11 3.142704522e+11 3.882055122e+11 -4.578237818e+11 -5.957360193e+11 -6.942046551e+11 -8.113451528e+11 -1.110824096e+12 -1.180483839e+12 1.017934878e+12 -1.409910984e+12 1.635925664e+12 -1.802496653e+12 1.929551410e+12 -2.190006676e+12 -2.535277287e+12 2.645759314e+12 2.987767756e+12 -2.859702283e+12 3.206927954e+12 -3.491952197e+12 3.838521782e+12 4.509592961e+12 4.603029228e+12 4.745022387e+12 -4.217416004e+12 -4.151744393e+12 6.151441077e+12 7.029500751e+12 7.491195611e+12 -7.566310257e+12 -7.991818811e+12 9.654450939e+12 -1.006157827e+13 -1.189780907e+13 1.333386194e+13 1.438577363e+13 -2.099477684e+13 2.257282440e+13 2.949561325e+13 1.111605242e+14
      sorted:	 -2.099477684e+13 -1.189780907e+13 -1.006157827e+13 -7.991818811e+12 -7.566310257e+12 -4.217416004e+12 -4.151744393e+12 -3.491952197e+12 -2.859702283e+12 -2.535277287e+12 -2.190006676e+12 -1.802496653e+12 -1.409910984e+12 -1.180483839e+12 -1.110824096e+12 -8.113451528e+11 -6.942046551e+11 -5.957360193e+11 -4.578237818e+11 -2.125375893e+11 -9.139795546e+10 -3.127576491e+10 -1.590894726e+10 -1.173896123e+10 -1.032810325e+10 -7593137317. -6959411790. -5925665601. -4276417843. -2139633283. -1819433183. -94993522.03 -328.1943560 -0.1712691070 9.847052027e-09 6.405449905e-08 2.963716900e-07 5.699674265e-06 0.0001246162172 0.0001246162172 0.004554922475 0.004822168608 0.005149576981 0.005764091278 0.006802632580 0.07933669647 0.09405373910 0.09478539556 21.34566254 146.3857577 385.5311594 385.5314135 385.5317464 385.5318064 385.5318992 385.5321111 462.2700650 2420.654821 6032.884036 9144.196627 10663.61375 306746148.7 2668127030. 3464495598. 4991201051. 6526555113. 7989712267. 8601435055. 9398277159. 1.145292214e+10 1.192572662e+10 1.361981222e+10 1.525645325e+10 1.619791362e+10 1.944772214e+10 2.573928658e+10 3.006751324e+10 3.656344815e+10 4.026201556e+10 5.196756853e+10 5.299500227e+10 8.623720474e+10 1.836206687e+11 3.142704522e+11 3.882055122e+11 1.017934878e+12 1.635925664e+12 1.929551410e+12 2.645759314e+12 2.987767756e+12 3.206927954e+12 3.838521782e+12 4.509592961e+12 4.603029228e+12 4.745022387e+12 6.151441077e+12 7.029500751e+12 7.491195611e+12 9.654450939e+12 1.333386194e+13 1.438577363e+13 2.257282440e+13 2.949561325e+13 1.111605242e+14
