    unsorted:	 385.5314224 385.5314224 385.5314224 385.5314224 385.5314224 385.5314224 419.6658100 420.0713462 423.9217873 423.3875239 416.9693746 415.8690972 428.5643570 433.6479958 439.0426757 440.5424654 442.4924120 444.4790051 446.2187870 451.9949316 452.6073694 458.5388001 460.2750688 466.1843397 406.0735040 471.0165908 473.6898738 401.4320948 481.3052166 397.4933636 487.8939770 489.0860666 496.1139256 499.6871217 505.5208274 512.8507315 514.1714593 519.9282826 382.3723101 526.1247943 529.8002334 534.0304867 539.5573770 543.8931142 546.8609979 550.8607141 553.1246693 554.8642640 374.2113554 560.1470186 357.4835626 348.9016114 351.5495194 341.0127838 336.7496907 331.3107973 594.1261022 301.8771004 299.1925631 280.3757033 261.1112582 254.4006625 663.4070818 219.6529785 187.6512843 722.9289344 155.3816623 114.8806113 46.29380110 67.26561929 38.86195031 14.85181198 12.30508352 9.992826510 0.08435375044 0.2498326049 0.4919323112 827.9489264 933.7818575 1115.281858 1186.262578 1204.855659 1319.693337 1406.695480 1701.673098 1787.754838 2292.637027 2607.316383 3250.172998 3510.886094 4167.930569 5173.007380 5627.838330 7072.140428 7178.866870 9415.272729 11279.30777 17807.53770 17532.05109 21088.43122 29313.15075 81989.11327 134844.0893 1455055.073
      sorted:	 0.08435375044 0.2498326049 0.4919323112 9.992826510 12.30508352 14.85181198 38.86195031 46.29380110 67.26561929 114.8806113 155.3816623 187.6512843 219.6529785 254.4006625 261.1112582 280.3757033 299.1925631 301.8771004 331.3107973 336.7496907 341.0127838 348.9016114 351.5495194 357.4835626 374.2113554 382.3723101 385.5314224 385.5314224 385.5314224 385.5314224 385.5314224 385.5314224 397.4933636 401.4320948 406.0735040 415.8690972 416.9693746 419.6658100 420.0713462 423.3875239 423.9217873 428.5643570 433.6479958 439.0426757 440.5424654 442.4924120 444.4790051 446.2187870 451.9949316 452.6073694 458.5388001 460.2750688 466.1843397 471.0165908 473.6898738 481.3052166 487.8939770 489.0860666 496.1139256 499.6871217 505.5208274 512.8507315 514.1714593 519.9282826 526.1247943 529.8002334 534.0304867 539.5573770 543.8931142 546.8609979 550.8607141 553.1246693 554.8642640 560.1470186 594.1261022 663.4070818 722.9289344 827.9489264 933.7818575 1115.281858 1186.262578 1204.855659 1319.693337 1406.695480 1701.673098 1787.754838 2292.637027 2607.316383 3250.172998 3510.886094 4167.930569 5173.007380 5627.838330 7072.140428 7178.866870 9415.272729 11279.30777 17532.05109 17807.53770 21088.43122 29313.15075 81989.11327 134844.0893 1455055.073
