    unsorted:	 385.5314224 385.5314224 385.5314224 385.5314224 385.5314224 385.5314224 419.6657178 420.0706360 423.9217181 423.3867654 416.9685453 415.8690401 428.5642896 433.6479225 439.0425586 440.5418670 442.4922622 444.4785814 446.2184404 451.9947788 452.6063508 458.5385628 460.2744655 466.1841918 406.0726435 471.0158346 473.6897479 401.4314182 481.3051075 397.4922468 487.8937937 489.0859491 496.1136600 499.6867582 505.5206641 512.8505410 514.1708648 519.9280882 382.3716624 526.1245544 529.7999278 534.0302815 539.5571266 543.8928282 546.8607117 550.8604533 553.1243807 554.8639874 374.2107497 560.1462883 357.8945264 349.0703582 351.5493776 341.0117061 336.7488425 331.3099826 594.1251920 301.8759617 299.1922098 280.3755592 261.1253086 254.4299321 663.4061582 219.6518945 187.6462817 722.9276899 155.3804036 114.8807296 46.29363937 67.26575206 38.86402523 14.85184210 12.30521600 9.993160495 0.08429940611 0.2498948826 0.4919143930 827.9475786 933.7815954 1115.252265 1186.260300 1204.783661 1319.704969 1406.699060 1701.670872 1787.752217 2292.634480 2607.314011 3250.171481 3510.884188 4167.928610 5173.005103 5627.835757 7072.109307 7178.862807 9415.264393 11279.30605 17807.53775 17532.06296 21088.42886 29313.14677 81989.23695 134844.0849 1455054.442
      sorted:	 0.08429940611 0.2498948826 0.4919143930 9.993160495 12.30521600 14.85184210 38.86402523 46.29363937 67.26575206 114.8807296 155.3804036 187.6462817 219.6518945 254.4299321 261.1253086 280.3755592 299.1922098 301.8759617 331.3099826 336.7488425 341.0117061 349.0703582 351.5493776 357.8945264 374.2107497 382.3716624 385.5314224 385.5314224 385.5314224 385.5314224 385.5314224 385.5314224 397.4922468 401.4314182 406.0726435 415.8690401 416.9685453 419.6657178 420.0706360 423.3867654 423.9217181 428.5642896 433.6479225 439.0425586 440.5418670 442.4922622 444.4785814 446.2184404 451.9947788 452.6063508 458.5385628 460.2744655 466.1841918 471.0158346 473.6897479 481.3051075 487.8937937 489.0859491 496.1136600 499.6867582 505.5206641 512.8505410 514.1708648 519.9280882 526.1245544 529.7999278 534.0302815 539.5571266 543.8928282 546.8607117 550.8604533 553.1243807 554.8639874 560.1462883 594.1251920 663.4061582 722.9276899 827.9475786 933.7815954 1115.252265 1186.260300 1204.783661 1319.704969 1406.699060 1701.670872 1787.752217 2292.634480 2607.314011 3250.171481 3510.884188 4167.928610 5173.005103 5627.835757 7072.109307 7178.862807 9415.264393 11279.30605 17532.06296 17807.53775 21088.42886 29313.14677 81989.23695 134844.0849 1455054.442
