    unsorted:	 385.5314224 385.5314224 385.5314224 385.5314224 385.5314224 385.5314224 399.9505739 398.2253708 401.9064794 396.7035774 404.1193442 395.3609356 406.6026562 394.0394943 409.0882799 410.1049337 412.8738674 416.4611248 420.5183083 388.7522204 425.0540254 429.9906386 432.7697101 435.9740184 382.5432108 442.0034160 448.5843798 454.8994924 452.5832397 456.6474730 464.3703060 473.5360537 482.9561233 361.1725408 493.5353103 501.7425310 506.7937472 510.8804515 520.2767163 351.3874064 538.1068819 541.7716813 547.5384844 555.5287206 559.5436538 332.6152668 329.2163496 321.9469673 573.1148823 578.0671821 583.8133584 301.0880600 606.9607945 282.1892329 248.7783654 220.7127180 204.3605596 202.7837289 688.0706147 178.2139750 729.9744430 738.9200997 752.4403256 772.8835717 796.0945065 95.51003499 35.33507471 0.1968578658 0.9010122547 893.7181160 988.8204853 1080.248542 1173.137577 1166.264093 1257.281864 1638.852365 1719.002252 1904.830619 2203.351419 2336.882130 2610.330319 2752.230916 3254.035503 3609.327378 4109.793683 4778.289686 5350.902523 6007.281899 8217.660582 9949.941175 11856.61795 12671.78854 17807.95871 19467.96044 29599.37966 49649.63299 229661.5724 1932015.349
      sorted:	 0.1968578658 0.9010122547 35.33507471 95.51003499 178.2139750 202.7837289 204.3605596 220.7127180 248.7783654 282.1892329 301.0880600 321.9469673 329.2163496 332.6152668 351.3874064 361.1725408 382.5432108 385.5314224 385.5314224 385.5314224 385.5314224 385.5314224 385.5314224 388.7522204 394.0394943 395.3609356 396.7035774 398.2253708 399.9505739 401.9064794 404.1193442 406.6026562 409.0882799 410.1049337 412.8738674 416.4611248 420.5183083 425.0540254 429.9906386 432.7697101 435.9740184 442.0034160 448.5843798 452.5832397 454.8994924 456.6474730 464.3703060 473.5360537 482.9561233 493.5353103 501.7425310 506.7937472 510.8804515 520.2767163 538.1068819 541.7716813 547.5384844 555.5287206 559.5436538 573.1148823 578.0671821 583.8133584 606.9607945 688.0706147 729.9744430 738.9200997 752.4403256 772.8835717 796.0945065 893.7181160 988.8204853 1080.248542 1166.264093 1173.137577 1257.281864 1638.852365 1719.002252 1904.830619 2203.351419 2336.882130 2610.330319 2752.230916 3254.035503 3609.327378 4109.793683 4778.289686 5350.902523 6007.281899 8217.660582 9949.941175 11856.61795 12671.78854 17807.95871 19467.96044 29599.37966 49649.63299 229661.5724 1932015.349
