    unsorted:	 385.5314224 385.5314224 385.5314224 385.5314224 385.5314224 385.5314224 419.6657673 420.0710399 423.9217517 423.3872068 416.9690179 415.8690706 428.5643277 433.6479621 439.0426032 440.5421360 442.4923349 444.4788161 446.2186300 451.9948694 452.6072165 458.5386828 460.2747829 466.1842956 406.0731398 471.0162497 473.6898323 401.4317985 481.3051888 397.4928520 487.8938842 489.0860198 496.1137972 499.6869439 505.5207585 512.8506672 514.1711680 519.9281878 382.3720121 526.1246978 529.8001094 534.0304147 539.5572698 543.8929902 546.8608780 550.8606057 553.1245322 554.8641379 374.2110664 560.1466498 357.2540921 348.6925999 351.5494348 341.0122662 336.7493155 331.3104421 594.1256693 301.8765785 299.1922841 280.3754299 261.1129452 254.4044652 663.4066046 219.6525086 187.6515047 155.3810907 722.9283484 114.8799877 46.29358118 67.26570633 38.86292245 14.85180478 12.30522525 0.08435251564 0.2498045173 0.4919283850 9.992953260 827.9482545 933.7810777 1115.264116 1186.257229 1204.838332 1319.694217 1406.695327 1701.672029 1787.754030 2292.635982 2607.315091 3250.172065 3510.885051 4167.929216 5173.006404 5627.837299 7072.140764 7178.864983 9415.270540 11279.30555 17807.53763 17532.03964 21088.42719 29313.14586 81989.14345 134844.0971 1455054.773
      sorted:	 0.08435251564 0.2498045173 0.4919283850 9.992953260 12.30522525 14.85180478 38.86292245 46.29358118 67.26570633 114.8799877 155.3810907 187.6515047 219.6525086 254.4044652 261.1129452 280.3754299 299.1922841 301.8765785 331.3104421 336.7493155 341.0122662 348.6925999 351.5494348 357.2540921 374.2110664 382.3720121 385.5314224 385.5314224 385.5314224 385.5314224 385.5314224 385.5314224 397.4928520 401.4317985 406.0731398 415.8690706 416.9690179 419.6657673 420.0710399 423.3872068 423.9217517 428.5643277 433.6479621 439.0426032 440.5421360 442.4923349 444.4788161 446.2186300 451.9948694 452.6072165 458.5386828 460.2747829 466.1842956 471.0162497 473.6898323 481.3051888 487.8938842 489.0860198 496.1137972 499.6869439 505.5207585 512.8506672 514.1711680 519.9281878 526.1246978 529.8001094 534.0304147 539.5572698 543.8929902 546.8608780 550.8606057 553.1245322 554.8641379 560.1466498 594.1256693 663.4066046 722.9283484 827.9482545 933.7810777 1115.264116 1186.257229 1204.838332 1319.694217 1406.695327 1701.672029 1787.754030 2292.635982 2607.315091 3250.172065 3510.885051 4167.929216 5173.006404 5627.837299 7072.140764 7178.864983 9415.270540 11279.30555 17532.03964 17807.53763 21088.42719 29313.14586 81989.14345 134844.0971 1455054.773
