    unsorted:	 385.5314224 385.5314224 385.5314224 385.5314224 385.5314224 385.5314224 457.3113212 448.2836119 450.4858473 453.7257093 444.2355508 442.9888867 460.5931557 461.7617492 464.8043829 439.1015447 437.1039423 431.7111348 429.8122288 426.1562414 421.6090648 472.4388058 417.4942307 413.8158597 410.5397990 407.6260167 406.7476009 405.0342561 480.1206653 487.2749677 491.7112690 496.7627220 498.8763397 503.6847505 511.3119656 517.1766507 519.6851414 522.6039469 524.2771407 528.6450157 532.7410423 536.8753987 541.1304829 545.6407006 546.0525152 548.3418602 389.2838096 385.3158378 552.9694693 347.6758724 341.7241184 325.8003087 317.3335218 281.4982300 665.2247407 679.3331391 703.1080854 228.0283534 733.3733161 744.2034275 754.7899812 183.6887565 185.5889801 97.03474499 0.2098000904 0.1930517112 0.06703240111 0.4217423565 871.5767923 955.5378431 1026.450154 1069.254308 1214.904252 1265.578425 1456.643705 1507.579432 1868.752436 2157.485318 2505.223966 2761.227543 2814.138079 3339.005571 3384.903033 3735.856223 4234.970302 4910.482407 5565.053931 5887.672690 7964.195205 9555.662015 12938.00486 17805.27117 21172.81005 28895.91056 45745.34629 100176.0866 1375621.688
      sorted:	 0.06703240111 0.1930517112 0.2098000904 0.4217423565 97.03474499 183.6887565 185.5889801 228.0283534 281.4982300 317.3335218 325.8003087 341.7241184 347.6758724 385.3158378 385.5314224 385.5314224 385.5314224 385.5314224 385.5314224 385.5314224 389.2838096 405.0342561 406.7476009 407.6260167 410.5397990 413.8158597 417.4942307 421.6090648 426.1562414 429.8122288 431.7111348 437.1039423 439.1015447 442.9888867 444.2355508 448.2836119 450.4858473 453.7257093 457.3113212 460.5931557 461.7617492 464.8043829 472.4388058 480.1206653 487.2749677 491.7112690 496.7627220 498.8763397 503.6847505 511.3119656 517.1766507 519.6851414 522.6039469 524.2771407 528.6450157 532.7410423 536.8753987 541.1304829 545.6407006 546.0525152 548.3418602 552.9694693 665.2247407 679.3331391 703.1080854 733.3733161 744.2034275 754.7899812 871.5767923 955.5378431 1026.450154 1069.254308 1214.904252 1265.578425 1456.643705 1507.579432 1868.752436 2157.485318 2505.223966 2761.227543 2814.138079 3339.005571 3384.903033 3735.856223 4234.970302 4910.482407 5565.053931 5887.672690 7964.195205 9555.662015 12938.00486 17805.27117 21172.81005 28895.91056 45745.34629 100176.0866 1375621.688
