    unsorted:	 385.5314224 385.5314224 385.5314224 385.5314224 385.5314224 385.5314224 397.3173928 397.3306800 398.9263352 400.7293227 402.7864730 402.5744529 405.0708253 395.9194229 407.6635056 410.5808817 413.8595222 417.5229240 421.5862963 426.0706210 430.9833951 436.2599049 437.6744196 442.2270167 448.4943443 455.1457703 378.6483731 462.2016125 375.1017915 468.4105501 470.4465207 478.4049258 481.5036408 487.3234389 368.8251655 496.9510957 507.9528400 518.7728696 519.8201115 524.6362757 535.9634527 543.4058016 546.9821194 343.8525146 563.6647223 567.2830260 329.4950844 582.8059744 591.3488575 598.0643802 599.1556911 302.1449902 644.3834184 646.5360432 274.8085594 257.1375754 700.0453648 187.6155769 768.3578406 786.4900287 139.6060543 122.6877291 852.4155411 872.4761040 876.2023769 31.05430297 28.71525300 4.455396360 13.61586969 1076.974781 1199.358856 1236.516646 1291.485859 1417.665186 1506.349155 1584.355231 1651.314342 1844.261620 2037.674779 2378.040415 2422.438666 2987.738025 3505.233312 3729.472872 4101.215966 4513.945919 4562.798226 5422.875798 6239.859832 8215.273646 9888.806828 12165.33609 17467.58126 17804.62972 41604.10711 42013.64869 69988.47743 1278538.298
      sorted:	 4.455396360 13.61586969 28.71525300 31.05430297 122.6877291 139.6060543 187.6155769 257.1375754 274.8085594 302.1449902 329.4950844 343.8525146 368.8251655 375.1017915 378.6483731 385.5314224 385.5314224 385.5314224 385.5314224 385.5314224 385.5314224 395.9194229 397.3173928 397.3306800 398.9263352 400.7293227 402.5744529 402.7864730 405.0708253 407.6635056 410.5808817 413.8595222 417.5229240 421.5862963 426.0706210 430.9833951 436.2599049 437.6744196 442.2270167 448.4943443 455.1457703 462.2016125 468.4105501 470.4465207 478.4049258 481.5036408 487.3234389 496.9510957 507.9528400 518.7728696 519.8201115 524.6362757 535.9634527 543.4058016 546.9821194 563.6647223 567.2830260 582.8059744 591.3488575 598.0643802 599.1556911 644.3834184 646.5360432 700.0453648 768.3578406 786.4900287 852.4155411 872.4761040 876.2023769 1076.974781 1199.358856 1236.516646 1291.485859 1417.665186 1506.349155 1584.355231 1651.314342 1844.261620 2037.674779 2378.040415 2422.438666 2987.738025 3505.233312 3729.472872 4101.215966 4513.945919 4562.798226 5422.875798 6239.859832 8215.273646 9888.806828 12165.33609 17467.58126 17804.62972 41604.10711 42013.64869 69988.47743 1278538.298
